total time = 128.83
-------------------
mean: 215.24914732650402
std: 26646.453247846257
max: 16327120
min: 1
low_mean: 1
high_mean 26861.70239517276

